4950 100
179700 600
604450 1100
1279200 1600
2203950 2100
3378700 2600
4803450 3100
6478200 3600
8402950 4100
10577700 4600
13002450 5100
15677200 5600
18601950 6100
21776700 6600
25201450 7100
28876200 7600
32800950 8100
36975700 8600
41400450 9100
46075200 9600
50999950 10100
56174700 10600
61599450 11100
67274200 11600
73198950 12100
79373700 12600
85798450 13100
92473200 13600
99397950 14100
106572700 14600
113997450 15100
121672200 15600
129596950 16100
137771700 16600
146196450 17100
154871200 17600
163795950 18100
172970700 18600
182395450 19100
192070200 19600
201994950 20100
212169700 20600
222594450 21100
233269200 21600
244193950 22100
255368700 22600
266793450 23100
278468200 23600
290392950 24100
302567700 24600
314992450 25100
327667200 25600
340591950 26100
353766700 26600
367191450 27100
380866200 27600
394790950 28100
408965700 28600
423390450 29100
438065200 29600
452989950 30100
468164700 30600
483589450 31100
499264200 31600
515188950 32100
531363700 32600
547788450 33100
564463200 33600
581387950 34100
598562700 34600
615987450 35100
633662200 35600
651586950 36100
669761700 36600
688186450 37100
706861200 37600
725785950 38100
744960700 38600
764385450 39100
784060200 39600
803984950 40100
824159700 40600
844584450 41100
865259200 41600
886183950 42100
907358700 42600
928783450 43100
950458200 43600
972382950 44100
994557700 44600
1016982450 45100
1039657200 45600
1062581950 46100
1085756700 46600
1109181450 47100
1132856200 47600
1156780950 48100
1180955700 48600
1205380450 49100
1230055200 49600
1254979950 50100
1280154700 50600
1305579450 51100
1331254200 51600
1357178950 52100
1383353700 52600
1409778450 53100
1436453200 53600
1463377950 54100
1490552700 54600
1517977450 55100
1545652200 55600
1573576950 56100
1601751700 56600
1630176450 57100
1658851200 57600
1687775950 58100
1716950700 58600
1746375450 59100
1776050200 59600
1805974950 60100
1836149700 60600
1866574450 61100
1897249200 61600
1928173950 62100
1959348700 62600
1990773450 63100
2022448200 63600
2054372950 64100
2086547700 64600
2118972450 65100
2151647200 65600
2184571950 66100
2217746700 66600
2251171450 67100
2284846200 67600
2318770950 68100
2352945700 68600
2387370450 69100
2422045200 69600
2456969950 70100
2492144700 70600
2527569450 71100
2563244200 71600
2599168950 72100
2635343700 72600
2671768450 73100
2708443200 73600
2745367950 74100
2782542700 74600
2819967450 75100
2857642200 75600
2895566950 76100
2933741700 76600
2972166450 77100
3010841200 77600
3049765950 78100
3088940700 78600
3128365450 79100
3168040200 79600
3207964950 80100
3248139700 80600
3288564450 81100
3329239200 81600
3370163950 82100
3411338700 82600
3452763450 83100
3494438200 83600
3536362950 84100
3578537700 84600
3620962450 85100
3663637200 85600
3706561950 86100
3749736700 86600
3793161450 87100
3836836200 87600
3880760950 88100
3924935700 88600
3969360450 89100
4014035200 89600
4058959950 90100
4104134700 90600
4149559450 91100
4195234200 91600
4241158950 92100
4287333700 92600
4333758450 93100
4380433200 93600
4427357950 94100
4474532700 94600
4521957450 95100
4569632200 95600
4617556950 96100
4665731700 96600
4714156450 97100
4762831200 97600
4811755950 98100
4860930700 98600
4910355450 99100
4960030200 99600
